1.959494103960512348e+02
2.156758611070631559e+02
1.925886076823235271e+02
1.578116056880945166e+02
1.901045361113069703e+02
2.209362479633323346e+02
4.284292850717547481e+02
3.714417607954972027e+02
1.889355612543586176e+02
4.661287242083535176e+01
1.516744876891133345e+02
1.494826598323343205e+02
2.149452518214711745e+02
2.393476019602767337e+02
1.785609093989378380e+02
3.346190528016084045e+02
3.910220896493910914e+02
3.316966156592368407e+02
3.487928729421138883e+02
3.014493912356854253e+02
2.520602035295962651e+02
4.604299717807298293e+02
2.891751552377223788e+02
2.063240622514729239e+02
2.313108998187544785e+02
2.418316735312940864e+02
2.209362479633331304e+02
2.434390139595986966e+02
2.032555032519817928e+02
2.907824956660269891e+02
4.313517222141267666e+02
3.826931437936299290e+02
2.691564608124731421e+02
2.519140816724782326e+02
2.348178243896006165e+02
3.647201553680429242e+02
2.796772345250140006e+02
2.856682306668758429e+02
1.689168668291091535e+02
2.754397006685728684e+02
2.430006483882427801e+02
2.653572925273891769e+02
3.594597685117719266e+02
1.696474761147017034e+02
4.678821864937785904e+02
3.641356679395676110e+02
3.318427375163560100e+02
2.191827856779106583e+02
3.179611610900882397e+02
3.143081146621225344e+02
1.775380563991075178e+02
2.862527180953505876e+02
2.728095072404390748e+02
1.950726792533396292e+02
2.088081338224897081e+02
3.635511805110930936e+02
3.297970315166955970e+02
3.001342945216181306e+02
2.636038302419665342e+02
3.603364996544837595e+02
2.197672731063842093e+02
3.278974473741536713e+02
2.985269540933136341e+02
2.729556290975574484e+02
2.918053486658570819e+02
2.761703099541670099e+02
3.679348362246503257e+02
3.083171185202595552e+02
2.457769636734956293e+02
2.975041010934843371e+02
3.029106098068718893e+02
2.402243331029894762e+02
3.974514513626097596e+02
3.843004842219360171e+02
2.456308418163775968e+02
4.386578150700574952e+02
1.221578725511559753e+02
3.277513255170342745e+02
3.296509096595764277e+02
2.897596426661962141e+02
3.853233372217655415e+02
2.628732209563731885e+02
2.203517605348589541e+02
2.045705999660499401e+02
3.889763836497299963e+02
3.407561708005907803e+02
3.213219638038173684e+02
2.950200295224674392e+02
2.098309868223200283e+02
2.446079888165465945e+02
3.178150392329703209e+02
2.232741976772310295e+02
3.297970315166953696e+02
1.898122923970699958e+02
1.977028726814751280e+02
3.483545073707582560e+02
3.486467510849965947e+02
3.036412190924656898e+02
2.359867992465497082e+02
4.000816447907441216e+02
2.310186561045175040e+02
4.804486662059784976e+02
3.714417607954969753e+02
2.416855516741770771e+02
2.229819539629944529e+02
4.538544882103921054e+02
4.421647396409025532e+02
3.391488303722860564e+02
2.690103389553542002e+02
3.917526989349835276e+02
2.196211512492664042e+02
2.270733659623155063e+02
2.538136658150187941e+02
3.755331727948188814e+02
3.283358129455089056e+02
3.137236272336481306e+02
3.296509096595763708e+02
2.543981532434943347e+02
3.597520122260091853e+02
3.664736176534647711e+02
3.495234822277072908e+02
3.783094880800723558e+02
4.634985307802201078e+02
3.119701649482251469e+02
2.852298650955203243e+02
3.479161417994024532e+02
3.992049136480330844e+02
2.533753002436640713e+02
2.498683756728170806e+02
2.796772345250128637e+02
3.259978632316107223e+02
3.153309676619529682e+02
3.032028535211086364e+02
3.921910645063408083e+02
3.341806872302527154e+02
3.840082405076981331e+02
2.995498070931437269e+02
3.140158709478856736e+02
2.638960739562041908e+02
2.983808322361946921e+02
2.856682306668752744e+02
5.248697107700354536e+02
4.237533856439589499e+02
2.850837432384017802e+02
3.368108806583877026e+02
3.638434242253306365e+02
3.714417607954976575e+02
4.192236080732825485e+02
4.729964514929301913e+02
5.524867417654509154e+02
5.028053103451256902e+02
2.599507838140016247e+02
4.027118382188791657e+02
3.518614319416042235e+02
2.549826406719697616e+02
3.550761127982136713e+02
3.185456485185625297e+02
3.612132307971962746e+02
5.481030860518936834e+02
3.205913545182226017e+02
3.496696040848261191e+02
5.137644496290204188e+02
3.628205712255005437e+02
2.888829115234857454e+02
4.418724959266669430e+02
3.371031243726257571e+02
3.641356679395689753e+02
3.140158709478858441e+02
4.789874476347927157e+02
4.098718092176911796e+02
3.667658613677019730e+02
3.584369155119420611e+02
4.572152909241194720e+02
3.859078246502394904e+02
4.219999233585367620e+02
4.059265190754891819e+02
3.403178052292341818e+02
4.082644687893871378e+02
2.999881726644989612e+02
3.794784629370224138e+02
4.040269349329460056e+02
3.981820606482021958e+02
3.837159967934603628e+02
3.672042269390590263e+02
3.680809580817697224e+02
3.753870509377007920e+02
4.392423024985320126e+02
3.343268090873718847e+02
3.688115673673628407e+02
3.840082405077000658e+02
4.180546332163337411e+02
4.231688982154851146e+02
3.300892752309318894e+02
2.951661513795854717e+02
2.288268282477376943e+02
4.445026893548024418e+02
3.632589367968548686e+02
2.337949713897705806e+02
4.937457552037726600e+02
3.721723700810907758e+02
2.906363738089085018e+02
2.904902519517900146e+02
2.960428825222958267e+02
3.999355229336260891e+02
3.423635112288953906e+02
3.485006292278753790e+02
3.946751360773571378e+02
3.299431533738120379e+02
3.729029793666836667e+02
4.290137725002289244e+02
4.351508904992110729e+02
3.124085305195815181e+02
5.071889660586839454e+02
2.091003775367260005e+02
3.229293042321205576e+02
4.794258132061479500e+02
2.188905419636730585e+02
3.563912095122814208e+02
3.252672539460181724e+02
3.841543623648162793e+02
3.515691882273672491e+02
5.058738693446166508e+02
3.898531147924418292e+02
3.623822056541437178e+02
2.989653196646686411e+02
4.312056003570071425e+02
5.074812097729197831e+02
3.945290142202379684e+02
4.560463160671706646e+02
4.062187627897260427e+02
4.519549040678518850e+02
4.177623895020958571e+02
4.025657163617606784e+02
4.398267899270053931e+02
3.796245847941395368e+02
4.824943722056393653e+02
4.364659872132774581e+02
3.232215479463573047e+02
3.435324860858447664e+02
4.629140433517462725e+02
2.561516155289167500e+02
2.951661513795845622e+02
4.122097589315898176e+02
3.081709966631410680e+02
3.749486853663443071e+02
4.206848266444685578e+02
4.314978440712452539e+02
3.492312385134691795e+02
3.791862192227836204e+02
3.702727859385480542e+02
4.018351070761668780e+02
5.632997591922302263e+02
2.681336078126432767e+02
3.017416349499212629e+02
3.224909386607645843e+02
3.232215479463575321e+02
2.555671281004433695e+02
3.720262482239722885e+02
2.497222538156997871e+02
4.167395365022666738e+02
4.088489562178619963e+02
2.504528631012917685e+02
3.398794396578778105e+02
3.096322152343294647e+02
3.276052036599173789e+02
4.322284533568397364e+02
2.885906678092474067e+02
2.846453776670457501e+02
2.884445459521293742e+02
2.691564608124738243e+02
5.501487920515514816e+02
5.152256682002071102e+02
3.889763836497299963e+02
4.347125249278549859e+02
4.754805230639458387e+02
4.282831632146359766e+02
4.591148750666618525e+02
4.357353779276852492e+02
3.059791688063615993e+02
3.043718283780570459e+02
4.288676506431103235e+02
3.204452326611040007e+02
5.216550299134266879e+02
3.485006292278771980e+02
3.252672539460177745e+02
4.652519930656431484e+02
4.417263740695477736e+02
4.005200103621007770e+02
4.332513063566691471e+02
4.510781729251385741e+02
3.787478536514283860e+02
4.398267899270049952e+02
4.653981149227627157e+02
5.076273316300398619e+02
4.528316352105613305e+02
4.237533856439584952e+02
3.068558999490742281e+02
3.197146233755112235e+02
4.303288692142957075e+02
5.403586276246072657e+02
3.175227955187320958e+02
3.262901069458485495e+02
3.841543623648163930e+02
5.931086180444226557e+02
4.921384147754670266e+02
3.639895460824485554e+02
4.144015867883692863e+02
4.380733276415824093e+02
6.400137341794970780e+02
4.954992174891938248e+02
4.849784437766552401e+02
4.364659872132775149e+02
5.025130666308871241e+02
4.518087822107308966e+02
4.817637629200467018e+02
5.637381247635850059e+02
4.414341303553110265e+02
5.222395173418999548e+02
3.762637820804113744e+02
3.942367705060014487e+02
4.510781729251398247e+02
3.796245847941399916e+02
4.674438209224222192e+02
4.915539273469933050e+02
3.691038110815996447e+02
2.752935788114539264e+02
4.991522639171600986e+02
4.605760936378474071e+02
4.624756777803893328e+02
3.346190528016086319e+02
3.278974473741543534e+02
5.311529506261351798e+02
4.542928537817468850e+02
5.061661130588527158e+02
5.739666547618871846e+02
3.084632403773777583e+02
4.257990916436183397e+02
4.123558807887084185e+02
3.781633662229537549e+02
4.293060162144660126e+02
4.950608519178385905e+02
5.336370221971503724e+02
4.540006100675119569e+02
4.211231922158254974e+02
4.731425733500486785e+02
3.343268090873714300e+02
4.304749910714142516e+02
4.404112773554793421e+02
5.076273316300389524e+02
3.705650296527865066e+02
2.751474569543362918e+02
4.003738885049833698e+02
5.118648654864794025e+02
4.221460452156543397e+02
4.357353779276852492e+02
4.236072637868401216e+02
5.082118190585147204e+02
4.247762386437879059e+02
4.047575442185416250e+02
5.947159584727282891e+02
6.752291017450809250e+02
4.238995075010764140e+02
5.573087630503657692e+02
4.120636370744709893e+02
4.985677764886850696e+02
3.862000683644768060e+02
5.032436759164810383e+02
5.386051653391839409e+02
4.120636370744700798e+02
6.078669256134041916e+02
4.645213837800497458e+02
4.386578150700574383e+02
5.999763453289976951e+02
4.820560066342824257e+02
4.192236080732825485e+02
4.412880084981908340e+02
5.052893819161412239e+02
7.233031927371025631e+02
