1.024849531507492770e+02
2.030666143144123907e+02
1.371834301460746701e+02
1.226891296290398259e+02
1.661720311801433354e+02
2.510881352193355269e+02
1.917932694678313510e+02
9.604304180984490813e+01
1.734923849766257717e+02
1.196145810345169593e+02
2.409860469801906220e+02
8.052389176130304804e+01
2.364474276263719048e+02
1.480175537648674435e+02
1.749564557359224182e+02
1.850585439750670957e+02
3.105294080467701860e+02
2.524057989027028270e+02
1.137582979973306010e+02
2.787590725700379153e+02
1.907684199363238804e+02
1.231283508568294565e+02
3.755341497595300098e+02
1.559235358650666967e+02
2.155112157684307022e+02
2.556267545731534483e+02
3.108222221986292766e+02
3.535730883700845766e+02
3.554763803571704557e+02
4.222380069810863006e+02
2.207818705018999594e+02
3.689458313426979430e+02
5.111071020703793124e+02
2.893003820369715413e+02
3.175569476913931908e+02
3.427389647512904958e+02
2.226851624889850427e+02
2.920821164796353742e+02
3.988128748323440504e+02
2.954494792260172744e+02
3.468383628773215150e+02
2.685105772549613903e+02
3.396644161567687092e+02
2.449390380302905896e+02
2.767093735070233151e+02
2.560659758009433062e+02
3.351257968029498215e+02
2.729027895328526938e+02
2.617758517621994088e+02
2.777342230385297626e+02
2.746596744440080329e+02
2.084836761238096017e+02
2.080444548960206248e+02
3.029162400984291708e+02
2.232707907927034512e+02
3.067228240725992237e+02
3.040874967058661014e+02
3.144823990968695853e+02
1.846193227472783747e+02
3.014521693391320696e+02
4.074508923121925363e+02
1.282525985143661273e+02
2.630935154455665383e+02
3.109686292745592482e+02
2.753917098236563561e+02
2.882755325054638433e+02
1.783238184823028973e+02
3.769982205188276794e+02
2.166824723758700202e+02
4.523978646225931470e+02
3.081868948318949606e+02
3.108222221986297882e+02
2.806623645571232828e+02
3.048195320855143109e+02
1.579732349280839117e+02
1.797878892416001122e+02
2.809551787089822028e+02
2.644111791289337816e+02
2.392291620690351692e+02
3.572332652683257948e+02
1.975031454290867714e+02
2.594333385473248654e+02
2.415716752839089168e+02
2.534306484342095018e+02
2.606045951547619097e+02
2.652896215845111101e+02
3.037946825540069540e+02
1.712962788376810295e+02
2.942782226185797754e+02
2.831512848479273998e+02
1.923788977715482815e+02
2.175609148314470076e+02
1.808127387731074123e+02
2.144863662369251642e+02
3.245844873360153997e+02
2.884219395813942128e+02
3.004273198076243716e+02
2.825656565442081956e+02
3.042339037817955614e+02
2.124366671739101093e+02
2.259061181594366872e+02
2.453782592580796518e+02
2.667536923438074155e+02
3.056979745410926625e+02
1.986744020365231336e+02
2.569444182565215442e+02
2.931069660111429585e+02
1.679289160912987882e+02
4.241412989681725776e+02
2.696818338624002536e+02
3.408356727642058104e+02
1.733459779006956296e+02
2.630935154455664815e+02
3.449350708902352380e+02
2.144863662369255053e+02
3.480096194847583320e+02
2.507953210674758679e+02
3.484488407125468257e+02
3.147752132487287327e+02
3.452278850420946128e+02
2.550411262694358356e+02
1.957462605179300681e+02
2.456710734099387992e+02
2.856402051387319716e+02
2.332264719559193509e+02
2.481599937007423478e+02
1.705642434580322515e+02
2.333728790318491519e+02
2.554803474972245567e+02
3.032090542502877497e+02
3.090653372874737670e+02
3.065764169966701047e+02
4.362930862703321964e+02
3.078940806800360406e+02
2.636791437492840942e+02
3.414213010679241052e+02
2.171216936036585139e+02
2.487456220044618931e+02
2.834440989997860925e+02
2.238564190964216323e+02
1.301558905014504717e+02
2.204890563500421194e+02
2.365938347023020469e+02
3.352722038788797363e+02
2.228315695649148438e+02
2.635327366733542931e+02
2.573836394843083326e+02
2.024809860106950055e+02
2.185857643629565246e+02
3.090653372874730849e+02
1.693929868505965715e+02
4.358538650425432479e+02
3.259021510193824724e+02
2.491848432322503868e+02
4.234092635885235723e+02
3.062836028448105026e+02
3.851970167708875579e+02
2.073124195163727563e+02
3.651392473685273217e+02
4.285335112460611526e+02
5.409741455600260451e+02
3.379075312456120628e+02
2.020417647829049201e+02
2.633863295974251741e+02
2.796375150256153574e+02
2.670465064956679271e+02
5.368747474339957080e+02
3.245844873360165366e+02
4.635248023932472279e+02
3.087725231356128006e+02
3.399572303086276861e+02
3.184353901469712582e+02
5.487337205842986805e+02
2.767093735070229741e+02
2.222459412611947300e+02
3.780230700503352637e+02
4.074508923121929911e+02
3.342473543473729478e+02
2.625078871418468225e+02
2.490384361563208131e+02
5.116927303740981188e+02
1.651471816486362059e+02
4.588397759634972317e+02
4.092077772233501491e+02
1.935501543789864627e+02
2.099477468831046281e+02
2.462567017136570939e+02
2.630935154455660268e+02
2.543090908897870577e+02
2.575300465602399527e+02
2.759773381273766972e+02
4.440526612946023306e+02
3.800727691133497501e+02
3.796335478855603469e+02
3.018913905669205633e+02
1.348409169312008089e+02
2.920821164796366247e+02
2.903252315684803762e+02
2.688033914068228114e+02
2.188785785148156720e+02
3.950062908581749070e+02
3.468383628773217424e+02
2.491848432322494773e+02
4.349754225869660331e+02
2.313231799688323918e+02
2.699746480142598557e+02
4.030586800343035065e+02
2.301519233613983033e+02
3.452278850420962044e+02
3.991056889842034252e+02
4.174065734754085497e+02
2.881291254295349518e+02
3.919317422636518131e+02
4.624999528617371425e+02
3.941278484025958164e+02
5.141816506649015537e+02
5.004193855275154306e+02
2.955958863019466207e+02
5.794792065295225711e+02
3.261949651712423019e+02
2.920821164796346920e+02
4.116966975141525609e+02
4.163817239439008517e+02
4.512266080151562164e+02
4.891460406809330266e+02
3.898820432006357919e+02
3.245844873360159681e+02
3.081868948318958701e+02
3.348329826510907310e+02
4.346826084351056352e+02
3.916389281117910741e+02
3.685066101149092219e+02
3.942742554785253333e+02
3.415677081438541336e+02
4.472736169650556803e+02
3.793407337337016543e+02
4.592789971912859528e+02
2.660216569641589217e+02
4.557652273689747631e+02
3.412748939919950431e+02
2.093621185793871291e+02
3.935422200988771806e+02
2.661680640400884386e+02
4.405388914722918798e+02
2.430357460432053358e+02
3.592829643313407360e+02
3.504985397755623922e+02
3.524018317626473618e+02
1.922324906956193900e+02
5.346786412950502836e+02
5.419989950915337431e+02
3.739236719243053813e+02
3.556227874330999157e+02
3.162392840080269139e+02
4.026194588065146718e+02
6.179842674990175055e+02
2.137543308572771252e+02
3.171177264636040718e+02
3.649928402925969522e+02
4.393676348648552903e+02
2.752453027477265550e+02
4.540083424578182303e+02
2.847617626831533926e+02
3.582581147998329243e+02
2.300055162854678201e+02
3.589901501794813612e+02
1.405507928924562293e+02
2.863722405183792148e+02
4.188706442347051961e+02
2.955958863019477576e+02
3.868074946061133232e+02
3.010129481113435759e+02
3.286838854620448274e+02
2.165360652999399349e+02
2.966207358334540913e+02
2.390827549931045723e+02
5.121319516018868399e+02
3.150680274005885622e+02
4.133071753493783262e+02
3.329296906640053066e+02
4.728948552527431275e+02
3.267805934749590051e+02
3.355650180307388837e+02
2.753917098236570382e+02
3.384931595493310397e+02
3.933958130229468679e+02
1.998456586439613147e+02
3.010129481113422116e+02
3.982272465286257557e+02
2.789054796459674890e+02
3.767054063669688730e+02
3.033554613262176645e+02
3.338081331195830899e+02
2.998416915039063042e+02
4.108182550585742092e+02
4.187242371587763046e+02
2.721707541532035748e+02
3.417141152197837073e+02
3.663105039759632291e+02
2.396683832968232082e+02
2.963279216815947166e+02
3.040874967058662151e+02
4.014482021990775138e+02
3.332225048158641130e+02
4.175529805513378960e+02
2.425965248154165010e+02
3.964703616174701892e+02
2.355689851707938942e+02
3.304407703732017580e+02
3.046731250095842825e+02
3.964703616174697345e+02
3.310263986769200528e+02
4.238484848163120660e+02
3.693850525704858683e+02
1.674896948635100671e+02
4.258981838793279167e+02
3.064300099207403036e+02
2.904716386444097225e+02
2.876899042017460033e+02
2.363010205504422174e+02
4.125751399697303441e+02
4.226772282088752490e+02
3.144823990968707221e+02
4.939774741866110617e+02
2.816872140886305260e+02
3.282446642342574705e+02
4.302903961572183107e+02
5.450735436860557002e+02
3.705563091779227420e+02
3.427389647512907231e+02
2.683641701790330671e+02
2.868114617461679927e+02
3.663105039759636838e+02
3.677745747352591934e+02
2.727563824569230064e+02
4.182850159309857645e+02
3.526946459145071913e+02
3.851970167708884674e+02
3.655784685963153606e+02
3.270734076268195167e+02
3.061371957688808152e+02
5.081789605517869859e+02
4.904637043642992467e+02
2.538698696619989050e+02
3.771446275947564573e+02
2.671929135715968187e+02
3.911997068840032625e+02
3.234132307285788102e+02
3.487416548644066552e+02
3.922245564155105058e+02
3.690922384186264935e+02
3.604542209387764160e+02
4.193098654624934625e+02
4.181386088550561908e+02
3.096509655911919481e+02
3.835865389356611104e+02
3.846113884671697178e+02
3.100901868189821471e+02
5.086181817795750248e+02
3.553299732812406546e+02
3.534266812941539229e+02
2.483064007766736268e+02
2.604581880788332455e+02
2.967671429093848019e+02
3.636751766092302205e+02
3.534266812941561966e+02
3.701170879501351010e+02
3.080404877559658416e+02
3.714347516335017190e+02
3.648464332166672648e+02
3.314656199047087739e+02
3.925173705673696531e+02
3.305871774491311044e+02
2.686569843308921008e+02
3.668961322796826607e+02
2.720243470772745695e+02
3.963239545415403882e+02
4.209203432977196826e+02
3.010129481113438032e+02
4.251661484996791387e+02
2.461102946377277476e+02
3.097973726671216355e+02
3.310263986769202802e+02
3.058443816170213267e+02
2.764165593551642814e+02
3.822688752522931281e+02
2.822728423923476839e+02
2.534306484342087060e+02
3.444958496624477675e+02
2.991096561242575262e+02
2.974991782890315335e+02
3.485952477884773089e+02
3.229740095007902028e+02
4.837289788715356735e+02
3.805119903411400628e+02
3.812440257207879313e+02
3.276590359305369020e+02
2.446462238784320107e+02
3.806583974170680449e+02
3.859290521505349716e+02
5.813824985166083934e+02
3.581117077239036917e+02
4.346826084351064310e+02
3.945670696303836849e+02
3.627967341536505046e+02
4.884140053012843055e+02
3.037946825540072950e+02
3.010129481113435759e+02
4.677706075952053197e+02
3.717275657853588200e+02
3.360042392585289690e+02
6.046612235894203877e+02
4.111110692104339250e+02
4.922205892754554952e+02
3.750949285317417434e+02
4.444918825223937802e+02
3.825616894041531850e+02
3.524018317626487260e+02
3.197530538303369667e+02
4.840217930233961852e+02
4.152104673364633527e+02
3.338081331195826351e+02
4.540083424578178892e+02
3.777302558984752068e+02
4.190170513106349972e+02
3.018913905669198812e+02
2.881291254295358613e+02
3.406892656882760093e+02
4.926598105032444437e+02
3.462527345736025381e+02
3.465455487254623677e+02
4.420029622315887536e+02
5.503441984195251280e+02
4.572292981282716937e+02
3.506449468514920227e+02
4.652816873044012027e+02
4.724556340249537243e+02
4.819720939603816987e+02
5.545900036214834472e+02
4.439062542186734390e+02
5.907525513761047478e+02
3.013057622632034054e+02
3.676281676593307566e+02
3.974952111489769777e+02
4.696738995822900051e+02
5.891420735408792098e+02
3.796335478855617112e+02
3.967631757693293366e+02
3.932494059470191132e+02
6.332106033956983993e+02
5.851890824907773094e+02
2.671929135715959092e+02
7.110991677902693482e+02
2.963279216815958534e+02
4.390748207129954608e+02
6.815249384524822744e+02
4.490305018762101099e+02
3.307335845250627244e+02
4.153568744123926990e+02
3.677745747352594208e+02
4.310224315368650423e+02
6.324785680160525771e+02
3.187282042988301782e+02
5.600070654308788107e+02
4.731876694046022749e+02
4.257517768033985703e+02
3.452278850420948402e+02
5.358498979024889195e+02
3.422997435234992736e+02
3.153608415524489601e+02
2.718779400013436316e+02
4.686490500507820798e+02
6.340890458512794794e+02
4.765550321509826972e+02
4.765550321509836067e+02
6.225228868528365638e+02
6.689339299225330251e+02
2.928141518592833563e+02
2.819800282404903555e+02
4.991017218441488694e+02
5.399492960285188019e+02
3.752413356076710897e+02
4.459559532816897445e+02
5.775759145424353846e+02
3.966167686933995356e+02
3.462527345736025381e+02
2.404004186764732367e+02
4.357074579666104910e+02
5.020298633627421623e+02
3.890036007450585203e+02
4.487376877243532363e+02
3.548907520534503419e+02
5.449271366101256717e+02
4.983696864644991820e+02
3.288302925379766748e+02
5.914845867557532983e+02
5.824073480481156366e+02
3.147752132487294148e+02
3.414213010679250146e+02
3.745093002280236760e+02
5.904597372242449183e+02
4.267766263349056999e+02
4.307296173850057812e+02
4.711379703415871631e+02
5.014442350590225033e+02
4.617679174820916614e+02
6.711300360614775400e+02
4.682098288229944956e+02
3.712883445575714632e+02
3.761197780632498961e+02
6.443375411663536170e+02
4.051083790973175383e+02
5.383388181932926955e+02
5.053972261091228688e+02
5.478552781287196467e+02
4.174065734754080381e+02
3.903212644284255930e+02
4.078901135399821669e+02
4.480056523447026393e+02
3.872467158339024991e+02
5.034939341220374445e+02
5.572253309882166832e+02
3.048195320855136288e+02
4.641104306969640447e+02
3.582581147998334927e+02
6.452159836219303770e+02
4.578149264319904432e+02
4.172601663994790897e+02
2.835905060757157230e+02
5.106678808425903071e+02
2.670465064956665628e+02
4.868035274660581990e+02
4.109646621345048061e+02
5.436094729267596222e+02
3.658712827481747354e+02
3.455206991939552381e+02
5.449271366101270360e+02
4.439062542186738938e+02
4.018874234268666896e+02
3.519626105348586407e+02
3.292695137657642590e+02
2.698282409383295430e+02
5.358498979024882374e+02
3.497665043959139552e+02
4.365859004221924806e+02
2.980848065927507378e+02
2.982312136686799704e+02
4.362930862703325374e+02
4.578149264319899885e+02
3.405428586123465493e+02
2.544554979657175409e+02
4.033514941861619718e+02
6.764006907949443530e+02
3.664569110518934849e+02
4.172601663994794308e+02
3.594293714072704233e+02
3.484488407125469394e+02
3.932494059470176353e+02
4.788975453658579227e+02
4.632319882413860341e+02
3.966167686933997629e+02
5.128639869815351631e+02
2.983776207446101125e+02
4.747981472398280403e+02
5.286759511819362842e+02
5.824073480481149545e+02
3.796335478855601195e+02
4.376107499536983596e+02
2.506489139915463511e+02
5.213555973854545300e+02
3.734844506965159781e+02
5.283831370300770232e+02
3.462527345736020834e+02
3.424461505994315758e+02
4.906101114402299572e+02
4.212131574495792847e+02
4.597182184190745602e+02
4.289727324738505558e+02
7.276431673703200431e+02
4.895852619087218045e+02
4.122823258178709693e+02
4.677706075952055471e+02
4.206275291458614447e+02
4.338041659795289888e+02
2.841761343794346431e+02
4.608894750265139919e+02
4.108182550585747776e+02
3.138967707931516884e+02
4.346826084351064310e+02
4.301439890812856675e+02
5.352642695987706247e+02
3.365898675622458995e+02
5.235517035243979080e+02
4.815328727325925229e+02
4.362930862703324237e+02
4.245805201959619808e+02
5.971944627170087188e+02
2.414252682079795704e+02
3.250237085638051440e+02
4.891460406809333108e+02
3.431781859790789895e+02
3.198994609062671088e+02
4.777262887584211057e+02
3.944206625544547933e+02
5.264798450429914283e+02
7.229581409405718659e+02
4.706987491137979305e+02
4.957343590977666281e+02
2.575300465602394979e+02
4.692346783545026483e+02
4.974912440089228767e+02
3.967631757693279724e+02
4.991017218441479599e+02
6.850387082747942031e+02
5.488801276602271173e+02
3.844649813912376430e+02
3.920781493395803636e+02
4.204811220699295973e+02
7.058285130568023078e+02
5.343858271431920457e+02
5.109606949944509324e+02
6.730333280485610885e+02
3.945670696303841396e+02
5.449271366101265812e+02
3.900284502765657635e+02
6.301360548011775791e+02
6.980689380325325146e+02
4.800688019732945122e+02
4.652816873044025670e+02
5.632280211013328426e+02
7.308641230407724834e+02
7.288144239777577695e+02
6.863563719581602527e+02
6.923590620712761847e+02
4.537155283059591966e+02
5.548828177733412303e+02
5.652777201643464196e+02
6.329177892438401614e+02
4.557652273689759568e+02
4.345362013591752657e+02
3.273662217786813926e+02
6.149097189044955485e+02
4.152104673364642622e+02
5.588358088234431307e+02
5.592750300512307149e+02
3.537194954460157987e+02
7.867916260458941906e+02
6.166666038156531613e+02
6.869420002618808212e+02
6.463872402293691266e+02
8.028964043981573013e+02
5.140352435889731169e+02
6.106639137025340460e+02
6.927982832990624047e+02
5.310184643968082128e+02
5.396564818766578355e+02
5.191594912465095604e+02
5.389244464970117861e+02
5.556148531529901220e+02
5.727444810367593391e+02
5.198915266261574288e+02
5.024690845905299170e+02
4.502017584836484048e+02
6.730333280485631349e+02
4.993945359960077326e+02
4.610358821024420877e+02
4.168209451716901413e+02
6.788896110857489248e+02
9.285136755457872368e+02
6.705444077577597000e+02
5.541507823936949535e+02
5.392172606488701376e+02
4.649888731525416006e+02
4.985160935404321663e+02
7.291072381296169169e+02
5.141816506649010989e+02
4.578149264319904432e+02
4.903172972883696730e+02
7.679051132509725903e+02
6.282327628140919842e+02
4.578149264319908980e+02
8.132913067891604442e+02
8.418406865954389104e+02
5.576645522160051769e+02
8.365700318619723248e+02
6.563429213925837757e+02
8.702436593257923505e+02
7.910374312478547836e+02
6.335034175475602751e+02
8.878125084373473328e+02
1.042857601846837952e+03
6.491689746720294352e+02
6.829890092117791482e+02
