3.740719542236342932e+01
7.130746627387988212e+01
1.464141008328439284e+02
2.175754452496053091e+02
9.322574484167085984e+01
6.882339470286369476e+01
1.870359771118162371e+02
2.956045169509416155e+02
2.786543815251823730e+02
2.808462093819618985e+02
1.157285108379364260e+02
1.145595359809876754e+02
1.826523213982583229e+02
2.204978823919775550e+02
1.914196328253750607e+02
1.575193619738578263e+02
2.992575633789065250e+02
1.414459576908110705e+02
4.421647396409037469e+02
1.572271182596209655e+02
3.124085305195806086e+02
2.171370796782489947e+02
4.357353779276845671e+02
3.216142075180531492e+02
2.424161609597683764e+02
2.932665672370434322e+02
2.865449618095877327e+02
2.114383272506238427e+02
3.644279116538050403e+02
2.704715575265405505e+02
1.481675631182667132e+02
6.099126316130639225e+02
2.507451068155285725e+02
2.517679598153590632e+02
3.267284725172041817e+02
2.256121473911282465e+02
2.937049328083994624e+02
3.311121282307625506e+02
3.677887143675327479e+02
3.748025635092260472e+02
2.251737818197729553e+02
2.996959289502625552e+02
2.238586851057053480e+02
3.248288883746622560e+02
2.862527180953504171e+02
2.928282016656876294e+02
2.595124182426455945e+02
2.792388689536571178e+02
2.507451068155290841e+02
2.901980082375527559e+02
2.612658805280684078e+02
4.070954939324382167e+02
2.744168476687430598e+02
2.586356870999338753e+02
1.930269732536791594e+02
2.032555032519817360e+02
3.259978632316112339e+02
2.877139366665361422e+02
3.708572733670235948e+02
3.113856775197508000e+02
2.843531339528083208e+02
3.067097780919549450e+02
3.521536756558417096e+02
4.144015867883684336e+02
3.433863642287255971e+02
2.788005033823013719e+02
3.635511805110933210e+02
3.824009000793937503e+02
2.808462093819615006e+02
3.278974473741531028e+02
2.973579792363642582e+02
3.460165576568605275e+02
3.752409290805811679e+02
2.922437142372131689e+02
2.818690623817922187e+02
3.200068670897485390e+02
3.202991108039856272e+02
3.541993816555022931e+02
2.162603485355377018e+02
2.916592268087387083e+02
3.655968865107537340e+02
5.546785696222307251e+02
4.918461710612298248e+02
2.266350003909588793e+02
3.897069929353237967e+02
2.656495362416267199e+02
2.248815381055354408e+02
3.213219638038158337e+02
1.749078629709721326e+02
3.032028535211087501e+02
2.678413640984058475e+02
3.597520122260094126e+02
2.504528631012919959e+02
3.730491012238029498e+02
1.633642362586020909e+02
2.355484336751939054e+02
3.283358129455087919e+02
2.349639462467192175e+02
2.769009192397594461e+02
1.690629886862276408e+02
2.093926212509634297e+02
3.463088013710972746e+02
2.308725342473982778e+02
2.152374955357076658e+02
3.097783370914453371e+02
9.746327869811099731e+01
3.030567316639899786e+02
3.318427375163555553e+02
3.553683565124511006e+02
2.735401165260315111e+02
2.656495362416265493e+02
3.043718283780574438e+02
1.448067604045390340e+02
3.100705808056833348e+02
3.233676698034763604e+02
2.532291783865452999e+02
3.607748652258394486e+02
2.098309868223193462e+02
2.710560449550154090e+02
2.367174085321427128e+02
2.232741976772308590e+02
2.840608902385713463e+02
3.499618477990625252e+02
2.750013350972177477e+02
3.084632403773786109e+02
3.774327569373605229e+02
2.920975923800943406e+02
2.432928921024799820e+02
2.922437142372132257e+02
3.397333178007601191e+02
2.453385981021401676e+02
3.110934338055130866e+02
5.704597301910403075e+02
3.641356679395678952e+02
2.625809772421359867e+02
3.445553390856740634e+02
2.754397006685737779e+02
5.158101556286815139e+02
3.509847007988930727e+02
3.569756969407555971e+02
3.479161417994023395e+02
3.917526989349844371e+02
4.927229022039414303e+02
4.035885693615912260e+02
6.102048753273015791e+02
4.427492270693780938e+02
3.717340045097352004e+02
3.493773603705889172e+02
3.192762578041556480e+02
3.898531147924421703e+02
3.018877568070413417e+02
5.954465677583218621e+02
3.305276408022882038e+02
3.387104648009302537e+02
7.269562391650683821e+02
4.693434050649642586e+02
3.464549232282163302e+02
4.050497879327774626e+02
3.308198845165253488e+02
2.725172635262010772e+02
4.142554649312495485e+02
3.430941205144882815e+02
3.996432792193891146e+02
2.207901261062144727e+02
3.350574183729646620e+02
3.647201553680423558e+02
2.844992558099269218e+02
2.824535498102666793e+02
5.742588984761239317e+02
3.840082405076979057e+02
4.031502037902357074e+02
3.049563158065319612e+02
3.058330469492435668e+02
3.783094880800722422e+02
2.298496812475684123e+02
3.540532597983841470e+02
3.166460643760206608e+02
3.205913545182230564e+02
3.663274957963468523e+02
3.467471669424533616e+02
4.956453393463136763e+02
2.524985691009521247e+02
4.139632212170126877e+02
3.623822056541438315e+02
3.524459193700791388e+02
2.926820798085691990e+02
3.420712675146580750e+02
3.695421766529559591e+02
3.084632403773784404e+02
4.515165384964942632e+02
3.629666930826188036e+02
3.249750102317810843e+02
3.433863642287254834e+02
3.287741785168645947e+02
2.634577083848477059e+02
3.071481436633111457e+02
4.414341303553107423e+02
3.816702907938004046e+02
3.664736176534653396e+02
3.065636562348364578e+02
4.678821864937780219e+02
5.127415966291907807e+02
3.926294300776961563e+02
4.320823314997198850e+02
3.032028535211086364e+02
3.221986949465275529e+02
4.450871767832761634e+02
4.667132116368292714e+02
3.615054745114328512e+02
3.870767995071888663e+02
4.265297009292124812e+02
4.700740143505573769e+02
3.824009000793930682e+02
3.606287433687209614e+02
3.371031243726254729e+02
4.329590626424313768e+02
3.859078246502400020e+02
3.619438400827885971e+02
3.426557549431324787e+02
3.080248748060226944e+02
4.199542173588753258e+02
4.804486662059784408e+02
4.621834340661526994e+02
4.582381439239502470e+02
3.856155809360027433e+02
4.065110065039634151e+02
3.413406582290648998e+02
4.547312193531033699e+02
3.765560257946492015e+02
4.453794204975127400e+02
2.608275149567126618e+02
3.480622636565211678e+02
3.483545073707581423e+02
2.707638012407778092e+02
4.008122540763379220e+02
4.537083663532733908e+02
3.432402423716069961e+02
3.518614319416047351e+02
3.344729309444905425e+02
3.673503487961770588e+02
3.936522830775263628e+02
3.769943913660052317e+02
4.106024185032848663e+02
2.222513446774005672e+02
3.296509096595764277e+02
2.608275149567128324e+02
3.039334628067016411e+02
3.369570025155065878e+02
2.840608902385714032e+02
3.449937046570300936e+02
4.984216546315674350e+02
2.957506388080596480e+02
3.588752810832976934e+02
2.396398456745150156e+02
3.340345653731347966e+02
3.093399715200903302e+02
3.581446717977050866e+02
3.290664222311022513e+02
3.099244589485648476e+02
4.265297009292120265e+02
3.889763836497307921e+02
4.158628053595545566e+02
3.058330469492435668e+02
3.610671089400772189e+02
3.601903777973649312e+02
2.833302809529781143e+02
3.216142075180530355e+02
3.297970315166951423e+02
3.974514513626097596e+02
2.752935788114550633e+02
3.975975732197283605e+02
2.979424666648385482e+02
3.730491012238023814e+02
3.813780470795634301e+02
4.218538015014169673e+02
3.717340045097350867e+02
4.331051844995499778e+02
4.784029602063178572e+02
4.548773412102220277e+02
3.502540915132997270e+02
3.311121282307625506e+02
4.886314902046206043e+02
3.295047878024577699e+02
3.767021476517682004e+02
4.632062870659831333e+02
4.065110065039630172e+02
3.945290142202374000e+02
3.137236272336489264e+02
2.976502229506015738e+02
4.833711033483505162e+02
3.404639270863535785e+02
3.771405132231237758e+02
3.181072829472066132e+02
3.388565866580486272e+02
3.918988207921034927e+02
6.150268966122146139e+02
8.779001175685889393e+02
5.356827281968119223e+02
4.173240239307403954e+02
4.810331536344534697e+02
3.683732017960069243e+02
3.679348362246513489e+02
5.464957456235888458e+02
2.409549423885822819e+02
2.307264123902799042e+02
4.208309485015870450e+02
4.389500587842941286e+02
5.166868867713928921e+02
3.648662772251605020e+02
3.954057453629498582e+02
3.550761127982133303e+02
3.248288883746624833e+02
3.296509096595763140e+02
5.923780087588315837e+02
3.888302617926121911e+02
4.060726409326076691e+02
3.812319252224441470e+02
3.994971573622708547e+02
3.943828923631191969e+02
3.902914803637977457e+02
3.547838690839765832e+02
5.896016934735778250e+02
4.062187627897262701e+02
3.921910645063398988e+02
3.847388497932909104e+02
3.891225055068490519e+02
4.144015867883682063e+02
5.936931054728986510e+02
5.029514322022441775e+02
3.797707066512585925e+02
4.417263740695474326e+02
6.351917128945829063e+02
3.989126699337958826e+02
4.332513063566686924e+02
4.157166835024356715e+02
3.876612869356633837e+02
4.924306584897042285e+02
5.942775929013730547e+02
5.150795463430882819e+02
4.031502037902357074e+02
3.287741785168645947e+02
3.860539465073586030e+02
5.763046044757845721e+02
3.048101939494133603e+02
5.406508713388441265e+02
4.456716642117499987e+02
4.028579600759981645e+02
3.067097780919552861e+02
3.781633662229542097e+02
3.448475827999117200e+02
3.327194686590672745e+02
4.069493720753193315e+02
5.894555716164588830e+02
5.390435309105397437e+02
5.286688790551188504e+02
4.775262290636064790e+02
3.867845557929516644e+02
3.428018768002510228e+02
4.718274766359807018e+02
4.165934146451475613e+02
6.679230088891506512e+02
4.933073896324157204e+02
3.140158709478857304e+02
2.858143525239943870e+02
3.920449426492213547e+02
3.511308226560116168e+02
4.449410549261570509e+02
4.390961806414124453e+02
3.372492462297440738e+02
5.704597301910403075e+02
4.588226313524248781e+02
3.631128149397372908e+02
4.469867609258172934e+02
3.154770895190717965e+02
3.635511805110934347e+02
4.788413257776737737e+02
3.707111515099052212e+02
4.184929987876894302e+02
5.472263549091818504e+02
3.902914803637980867e+02
4.392423024985313305e+02
3.869306776500702654e+02
3.800629503654960217e+02
4.952069737749576461e+02
5.343676314827448550e+02
3.598981340831284115e+02
4.982755327744482656e+02
4.591148750666617389e+02
4.572152909241206089e+02
4.464022734973431170e+02
3.899992366495611122e+02
6.308080571810248784e+02
5.751356296188362194e+02
3.596058903688907549e+02
6.723066646027085653e+02
4.502014417824268548e+02
6.850192661720282103e+02
4.653981149227619767e+02
4.754805230639458955e+02
4.471328827829361785e+02
4.352970123563292191e+02
5.082118190585138677e+02
3.328655905161859891e+02
4.589687532095430242e+02
4.857090530622479037e+02
4.439182019263269581e+02
3.707111515099048233e+02
5.803960164751051707e+02
6.677768870320317092e+02
4.284292850717546912e+02
5.843413066173084189e+02
7.715234055862433706e+02
7.498973707326894100e+02
