1.297562091213227404e+02
1.398386172625057497e+02
3.182534048043254415e+02
2.057395748229982644e+02
1.936114606821540747e+02
1.975567508243559587e+02
2.264888785338399657e+02
1.946343136819848496e+02
2.022326502521514158e+02
1.810449809699537127e+02
2.270733659623147105e+02
1.144134141238685061e+02
1.461218571186066129e+02
6.502422641778002799e+01
1.389618861197945989e+02
2.412471861028193416e+02
2.440235013880724182e+02
2.174293233924863671e+02
8.650413941421493291e+01
3.381259773724559636e+02
2.183060545351968358e+02
2.456308418163775968e+02
1.697935979718211001e+02
2.340872151040076119e+02
3.392949522294047711e+02
3.255594976602552606e+02
5.502949139086722425e+02
3.156232113761903406e+02
2.580511996714592442e+02
4.129403682171823675e+02
2.748552132400990331e+02
3.501079696561801029e+02
3.930677956490510496e+02
3.644279116538046992e+02
2.599507838140013973e+02
1.791453968274115596e+02
5.723593143335813238e+02
3.743641979378701308e+02
3.553683565124511006e+02
3.512769445131298198e+02
3.553683565124518395e+02
2.564438592431549750e+02
3.639895460824483848e+02
3.331578342304230773e+02
2.814306968104357907e+02
2.935588109512808614e+02
3.121162868053432931e+02
3.134313835194114404e+02
2.305802905331611328e+02
2.276578533907887731e+02
4.798641787775045486e+02
4.069493720753198431e+02
3.558067220838079834e+02
3.036412190924648939e+02
2.535214221007825017e+02
3.974514513626097596e+02
3.045179502351775227e+02
3.556606002266885298e+02
2.064701841085916385e+02
2.944355420939918986e+02
3.322811030877112444e+02
2.074930371084211629e+02
3.070020218061927153e+02
2.418316735312942001e+02
3.726107356524465786e+02
3.116779212339877176e+02
5.058738693446161960e+02
4.309133566427709638e+02
2.617042460994239264e+02
4.282831632146358061e+02
2.253199036768912720e+02
2.894673989519590123e+02
3.352035402300837177e+02
3.005726600929751271e+02
2.609736368138309217e+02
2.948739076653486109e+02
3.043718283780576712e+02
3.723184919382097178e+02
2.682797296697622187e+02
3.094860933772088174e+02
4.097256873605729197e+02
2.165525922497747615e+02
3.276052036599164694e+02
2.637499520990841120e+02
3.164999425189016620e+02
2.380325052462103486e+02
2.311647779616354228e+02
5.583316160501954073e+02
2.992575633789060703e+02
1.884971956830028432e+02
2.665262673843376433e+02
2.891751552377224925e+02
2.316031435329909982e+02
2.934126890941618058e+02
3.045179502351755900e+02
3.293586659453396805e+02
1.832368088267323856e+02
2.976502229506025401e+02
1.487520505467414296e+02
1.890816831114765364e+02
3.993510355051521401e+02
2.253199036768905898e+02
3.343268090873721121e+02
2.554210062433235180e+02
1.969722633958822371e+02
2.279500971050260887e+02
2.273656096765515713e+02
2.881523022378923997e+02
3.455781920855059752e+02
2.583434433856973556e+02
2.438773795309534762e+02
2.956045169509407060e+02
2.009175535380838937e+02
2.774854066682346456e+02
2.381786271033292905e+02
2.248815381055360376e+02
2.836225246672149751e+02
2.453385981021405087e+02
5.960310551867996764e+02
4.013967415048127805e+02
1.789992749702937544e+02
2.299958031046862743e+02
2.523524472438341490e+02
2.590740526712893370e+02
2.438773795309543857e+02
2.742707258116251978e+02
2.127534239646906826e+02
3.160615769475452907e+02
2.687180952411168846e+02
2.685719733839982837e+02
1.861592459691050863e+02
3.832776312221047874e+02
2.228358321058749425e+02
2.015020409665589796e+02
2.770470410968795250e+02
2.621426116707805249e+02
3.162076988046655970e+02
2.570283466716291514e+02
3.170844299473756109e+02
3.686654455102457177e+02
2.437312576738376890e+02
1.810449809699539401e+02
3.936522830775259081e+02
2.598046619568817732e+02
2.742707258116265621e+02
2.530830565294254484e+02
2.203517605348583857e+02
2.115844491077423299e+02
1.696474761147026129e+02
3.238060353748333000e+02
2.589279308141708498e+02
2.684258515268802512e+02
4.138170993598937457e+02
3.736335886522765577e+02
3.476238980851658198e+02
1.876204645402908682e+02
2.636038302419669890e+02
2.345255806753623347e+02
2.847914995241658289e+02
1.648254548297895781e+02
1.827984432553773786e+02
2.006253098238471466e+02
2.316031435329900887e+02
2.752935788114548359e+02
1.266876501218321209e+02
3.271668380885603256e+02
1.467063445470810166e+02
3.015955130928050494e+02
2.821613060960285111e+02
2.039861125375748543e+02
2.061779403943537545e+02
2.349639462467189333e+02
2.839147683814526317e+02
3.401716833721161493e+02
3.005726600929733650e+02
3.029106098068709798e+02
2.051550873945229796e+02
3.572679406549941632e+02
2.805539656677256062e+02
1.081301742677692346e+02
2.070546715370662696e+02
3.182534048043248731e+02
1.084224179820056406e+02
2.424161609597672395e+02
2.107077179650300423e+02
2.855221088097569009e+02
2.932665672370430912e+02
3.007187819500927617e+02
2.552748843862054855e+02
1.683323794006344087e+02
3.559528439409264138e+02
2.834764028100962605e+02
3.403178052292355460e+02
1.564965089740281883e+02
1.648254548297886686e+02
2.146530081072332905e+02
2.264888785338389425e+02
2.120228146790973369e+02
2.184521763923157778e+02
3.293586659453394532e+02
4.227305326441282887e+02
4.183468769305709429e+02
8.898821098523148976e+01
2.267811222480786455e+02
2.758780662399287849e+02
2.406626986743458474e+02
2.408088205314647894e+02
1.040387622684479538e+02
2.584895652428153880e+02
4.256529697865008188e+02
3.487928729421131493e+02
5.666605619059563423e+02
5.147873026288510800e+02
4.713891110646247853e+02
5.144950589146135371e+02
3.683732017960070948e+02
3.172305518044952919e+02
7.025538890262604355e+02
4.262374572149756204e+02
3.471855325138092212e+02
3.917526989349842665e+02
4.509320510680197458e+02
2.549826406719687384e+02
5.482492079090116022e+02
3.813780470795627480e+02
3.974514513626101575e+02
5.263309293412215766e+02
5.215089080563068364e+02
5.063122349159714872e+02
3.502540915133001818e+02
4.900927087758063863e+02
4.487402232112411866e+02
3.680809580817701772e+02
6.619320127472876720e+02
1.969722633958812992e+02
4.836633470625884001e+02
3.454320702283859532e+02
4.529777570676799314e+02
2.994036852360252396e+02
3.390027085151675692e+02
5.311529506261351798e+02
3.464549232282165576e+02
3.378337336582179660e+02
4.059265190754890682e+02
2.700331919551851456e+02
4.604299717807293177e+02
3.983281825053214789e+02
3.299431533738135158e+02
4.217076796442984232e+02
3.587291592261790356e+02
5.907706683305266324e+02
4.141093430741309476e+02
3.578524280834676574e+02
3.089016059487339589e+02
3.448475827999119474e+02
3.857617027931214579e+02
4.303288692142963328e+02
4.133787337885377724e+02
4.092873217892167759e+02
4.316439659283644232e+02
5.548246914793489850e+02
3.724646137953276366e+02
3.422173893717769033e+02
3.147464802334783371e+02
4.582381439239504743e+02
4.731425733500482238e+02
3.704189077956675646e+02
3.404639270863533511e+02
4.079722250751493675e+02
3.603364996544839869e+02
3.338884435160144903e+02
2.659417799558644901e+02
3.319888593734744973e+02
4.855629312051298143e+02
3.604826215116019057e+02
2.960428825222973046e+02
4.040269349329478246e+02
5.426965773385045395e+02
3.920449426492222074e+02
4.804486662059784976e+02
6.468814614640718901e+02
3.707111515099049939e+02
3.280435692312717038e+02
3.096322152343282141e+02
3.433863642287251423e+02
3.103628245199211051e+02
2.922437142372123162e+02
4.398267899270050520e+02
2.387631145318032395e+02
5.526328636225703121e+02
4.800103006346223538e+02
4.320823314997209650e+02
4.848323219195365255e+02
2.386169926746847523e+02
5.193170801995283909e+02
4.249223605009076437e+02
4.176162676449770856e+02
3.578524280834676574e+02
4.006661322192189800e+02
3.315504938021188082e+02
3.366647588012696133e+02
2.890290333806040053e+02
3.471855325138093349e+02
3.141619928050040471e+02
4.788413257776733190e+02
4.402651554983613096e+02
3.870767995071884116e+02
4.575075346383575265e+02
4.390961806414129569e+02
2.903441300946703905e+02
2.253199036768913857e+02
3.550761127982132166e+02
5.257464419127463771e+02
3.072942655204294624e+02
4.661287242083558340e+02
3.343268090873712026e+02
3.059791688063621677e+02
4.804486662059789523e+02
4.523932696392067783e+02
2.894673989519592396e+02
3.376876118011000472e+02
2.016481628236774668e+02
3.758254165090565948e+02
4.389500587842940149e+02
3.160615769475466550e+02
3.895608710782046273e+02
2.717866542406081862e+02
3.280435692312710216e+02
2.937049328084003719e+02
3.622360837970263674e+02
3.885380180783752166e+02
2.850837432384023487e+02
3.308198845165252351e+02
3.473316543709277084e+02
2.994036852360245575e+02
2.542520313863761885e+02
4.345664030707357597e+02
3.787478536514279313e+02
3.674964706532946366e+02
3.826931437936303837e+02
2.425622828168866363e+02
3.074403873775481770e+02
4.361737434990403131e+02
4.217076796442979685e+02
2.855221088097569009e+02
3.122624086624632582e+02
3.287741785168650495e+02
4.103101747890473234e+02
3.880996525070195275e+02
2.953122732367037315e+02
3.034950972353458383e+02
3.352035402300837177e+02
2.918053486658586735e+02
3.292125440882216481e+02
5.238468577702029734e+02
5.000289950598723863e+02
3.330117123733039080e+02
2.926820798085682327e+02
3.414867800861838987e+02
3.791862192227836204e+02
3.543455035126212351e+02
3.810858033653266830e+02
2.844992558099258986e+02
3.026183660926340053e+02
2.878600585236558800e+02
3.236599135177148128e+02
5.016363354881764280e+02
2.492838882443429611e+02
3.781633662229536412e+02
3.742180760807525530e+02
3.232215479463575321e+02
3.619438400827897340e+02
2.907824956660269891e+02
2.983808322361940100e+02
3.508385789417736760e+02
2.975041010934819496e+02
2.923898360943321677e+02
3.882457743641380148e+02
2.491377663872246160e+02
4.592609969237807945e+02
3.321349812305929845e+02
3.794784629370210496e+02
3.511308226560122421e+02
3.619438400827893929e+02
4.319362096426002608e+02
3.657430083678727897e+02
3.176689173758506968e+02
3.072942655204294624e+02
3.647201553680413326e+02
4.921384147754670266e+02
3.651585209393979312e+02
3.004265382358548777e+02
3.409022926577086992e+02
3.990587917909151656e+02
3.556606002266876203e+02
4.499091980681891982e+02
3.094860933772092721e+02
2.685719733839978858e+02
3.750948072234641586e+02
4.034424475044731935e+02
4.377810839273449801e+02
3.325733468019489010e+02
2.937049328083990076e+02
3.436786079429625715e+02
4.111869059317596111e+02
4.570691690670009848e+02
1.581038494023323437e+02
2.475304259589204889e+02
2.593662963855276757e+02
3.245366446604241446e+02
3.261439850887304601e+02
5.263309293412203260e+02
4.414341303553114813e+02
2.332104839612960632e+02
3.176689173758502420e+02
4.183468769305702608e+02
5.742588984761237043e+02
4.689050394936084558e+02
3.466010450853354996e+02
2.457769636734960841e+02
1.563503871169089621e+02
4.129403682171832770e+02
1.095913928389547891e+02
1.759307159708023391e+02
3.910220896493901819e+02
1.681862575435156941e+02
2.976502229506006643e+02
3.280435692312721585e+02
3.151848458048336852e+02
1.591267024021622092e+02
3.876612869356631563e+02
1.985796038241867336e+02
1.747617411138530770e+02
3.113856775197496063e+02
2.560054936717984901e+02
2.915131049516212443e+02
2.630193428134916758e+02
3.717340045097350867e+02
2.368635303892615411e+02
2.359867992465497082e+02
3.366647588012699543e+02
4.567769253527631008e+02
5.162485212000372030e+02
2.899057645233156109e+02
2.241509288199422372e+02
2.245892943912981536e+02
3.670581050819391749e+02
3.790400973656651331e+02
3.153309676619542188e+02
2.273656096765525945e+02
3.460165576568606411e+02
2.612658805280680099e+02
3.917526989349842097e+02
2.503067412441732813e+02
2.411010642457008544e+02
4.389500587842940149e+02
3.328655905161867850e+02
4.199542173588747573e+02
2.681336078126431062e+02
2.475304259589195226e+02
3.704189077956689289e+02
3.248288883746636202e+02
2.960428825222966225e+02
2.513295942440022372e+02
2.980885885219572629e+02
3.888302617926110543e+02
1.394002516911506291e+02
3.610671089400766505e+02
3.648662772251591377e+02
2.386169926746842975e+02
3.448475827999102421e+02
4.483018576398843607e+02
2.909286175231447942e+02
3.569756969407567340e+02
2.868372055238260145e+02
4.689050394936102748e+02
2.752935788114559728e+02
4.484479794970030753e+02
2.703254356694217222e+02
3.892686273639685623e+02
2.573205903858658985e+02
2.869833273809426828e+02
3.029106098068714346e+02
3.125546523766997780e+02
3.074403873775472675e+02
2.989653196646681863e+02
2.983808322361951468e+02
3.932139175061711285e+02
3.423635112288948221e+02
3.197146233755111098e+02
2.912208612373842698e+02
3.297970315166958244e+02
4.098718092176914070e+02
2.329182402470582929e+02
7.677242373011591781e+02
7.159970998811738809e+02
4.525393914963245265e+02
6.385525156083110687e+02
5.904784246162893169e+02
5.378745560535913910e+02
4.884853683475017760e+02
3.650123990822794440e+02
6.033371480427267670e+02
5.950082021869658320e+02
4.868780279191968248e+02
4.478634920685300926e+02
5.188787146281720197e+02
5.279382697695257320e+02
7.013849141693121965e+02
5.891633279022219085e+02
5.726515580478188667e+02
5.708980957623964514e+02
4.778184727778436809e+02
5.215089080563071775e+02
4.880470027761461438e+02
4.751882793497084094e+02
4.811792754915712749e+02
5.185864709139345905e+02
4.599916062093725486e+02
4.557540723529340312e+02
4.179085113592145717e+02
4.084105906465056250e+02
5.485414516232494861e+02
6.436667806074622149e+02
4.611605810663222087e+02
3.020338786641598290e+02
4.249223605009078710e+02
5.159562774857990917e+02
4.858551749193670730e+02
5.318835599117279571e+02
3.838621186505795322e+02
4.089950780749804835e+02
4.716813547788614187e+02
6.283239856100076395e+02
5.592083471929073539e+02
2.846453776670444995e+02
5.133260840576647297e+02
5.036820414878375232e+02
5.878482311881541591e+02
4.351508904992103908e+02
4.540006100675107064e+02
5.123032310578339548e+02
3.734874667951588094e+02
5.707519739052781915e+02
4.946224863464835835e+02
3.758254165090552306e+02
4.415802522124286043e+02
3.321349812305927571e+02
6.289084730384829527e+02
2.729556290975559705e+02
3.600442559402468419e+02
3.726107356524472607e+02
3.468932887995732699e+02
4.992983857742782448e+02
4.464022734973430033e+02
4.577997783525943305e+02
5.475185986234182565e+02
3.885380180783745345e+02
5.178558616283410174e+02
4.366121090703964001e+02
3.598981340831285252e+02
3.105089463770388534e+02
3.354957839443202374e+02
3.889763836497313605e+02
6.277394981815334631e+02
2.758780662399287849e+02
2.995498070931441816e+02
5.201938113422402239e+02
3.824009000793923860e+02
3.677887143675327479e+02
3.803551940797327688e+02
3.372492462297432212e+02
3.543455035126212351e+02
4.686127957793702308e+02
5.372900686251171010e+02
3.220525730894082699e+02
3.996432792193886598e+02
4.661287242083549245e+02
4.510781729251386878e+02
3.268745943743231237e+02
4.065110065039639835e+02
4.209770703587055323e+02
3.267284725172044091e+02
4.560463160671719152e+02
5.222395173418980221e+02
4.778184727778432261e+02
4.458177860688692817e+02
4.702201362076750684e+02
6.246709391820418205e+02
4.719735984931000985e+02
4.507859292109024523e+02
3.169383080902578058e+02
4.553157067815777737e+02
3.411945363719451052e+02
6.395753686081395699e+02
3.653046427965159637e+02
3.727568575095660890e+02
6.026065387571336487e+02
6.324153976093293750e+02
4.689050394936084558e+02
4.868780279191978480e+02
3.679348362246510078e+02
3.144542365192412490e+02
3.239521572319495135e+02
3.866384339358344278e+02
4.585303876381872215e+02
3.882457743641384695e+02
3.916065770778664046e+02
4.670054553510656206e+02
4.395345462127697829e+02
4.950608519178394999e+02
4.624756777803895602e+02
4.442104456405638757e+02
3.984743043624407619e+02
2.482610352445130957e+02
2.247354162484173230e+02
4.785490820634365718e+02
4.743115482069974860e+02
4.244839949295507608e+02
5.261848074841018388e+02
3.132852616622928963e+02
5.036820414878366137e+02
4.249223605009077573e+02
3.207374763753405205e+02
4.814715192058083630e+02
2.915131049516201074e+02
4.208309485015870450e+02
1.505055128321646407e+02
3.312582500878811516e+02
6.714299334599977556e+02
5.511716450513840755e+02
4.414341303553107991e+02
3.441169735143193975e+02
5.412353587673201218e+02
3.319888593734748383e+02
4.788413257776751379e+02
3.886841399354943860e+02
4.259452135007391007e+02
5.416737243386746741e+02
5.599389564784987670e+02
3.793323410799016528e+02
2.747090913829815690e+02
4.385116932129390079e+02
3.499618477990626957e+02
2.314570216758725110e+02
5.844874284744264514e+02
3.553683565124492816e+02
7.019694015977861454e+02
5.729438017620553865e+02
5.618385406210425117e+02
5.716287050479890013e+02
7.316321385928620202e+02
6.914486278852466512e+02
6.514112390347488599e+02
5.010518480597017970e+02
5.331986566257947970e+02
6.121044594698435048e+02
5.421120899100304769e+02
5.923780087588315837e+02
4.962298267747880800e+02
4.728503296358098851e+02
6.484888018923766140e+02
4.789874476347918062e+02
4.769417416351316206e+02
4.957914612034323909e+02
4.211231922158242469e+02
3.579985499405850078e+02
4.548773412102227667e+02
4.889237339188562146e+02
4.810331536344529013e+02
5.634458810493481451e+02
5.212166643420689525e+02
4.981294109173290963e+02
5.030975540593625510e+02
5.445961614810471474e+02
6.125428250411990803e+02
7.148281250242234819e+02
5.660760744774818249e+02
6.427900494647504956e+02
5.634458810493493957e+02
